package replitTasks;

public class MultipliationTable {
    public static void main(String[] args) {

        for (int j = 1; j <=10 ; j++) {

        for (int i = 1; i <=10 ; i++) {
            System.out.print(i*j+ " ");
        }
            System.out.println();
    }

        /*
        2. Create a class called RoomReservation, write a program for the room reservation:
            King Bed ==> 120$
            Queen Bed ==> 100$
            single Bed ==> 80$

            the program asks the user which bedroom does he/she wants to reserve, and how many nights he/she is staying.
            Then Ask the user "would you like to reserve another room?""
                            if yes ==> repeat the entire steps
                            if no ==> return the  total price

            	If user enters any invalid entry,  ask the user to re-enter until user provides a valid entry
         */

    }
}

/*
1. Create a class called MultiplicationTable, Write a program that can display the multiplication table:

			1	2	3	4	5	6	7	8	9	10
			2	4	6	8	10	12	14	16	18	20
			3	6	9	12	15	18	21	24	27	30
			4	8	12	16	20	24	28	32	36	40
			5	10	15	20	25	30	35	40	45	50
			6	12	18	24	30	36	42	48	54	60
			7	14	21	28	35	42	49	56	63	70
			8	16	24	32	40	48	56	64	72	80
			9	18	27	36	45	54	63	72	81	90
			10	20	30	40	50	60	70	80	90	100
 */
